$ANSIBLE_VAULT;1.1;AES256
31303336313231323035316633333565323933653761663564373061353336613634626339613563
3733356335663934356530636330323636396165666639340a623565383731303637623233303034
61643031613231393731343335646234663464376135333433363363653862396162316464653265
3363333337353932350a636630653830656261363365623231646339333361386463393637633836
63353339333866396161613165366463663134316362313663346633336332323433613039626237
64646332356639383439633561353639326264613032373135383166393139376262643663666630
34663536363338333839386266613766383939363563323934316332363335633165306630653130
36613161383730633238613162303538633161343531386439333265646634303563636265323439
65353134383335396563373637316138366630663535376336623566356162633936303534336531
63613134613763666634346562356565616362366531613632326131363138366138363637636466
303335316463663330383437636430616361
